1
1.021754 1.05069 00101111001000000000000000000111100000110
1.04353 1.03902 00101111001000000000000000000001100000110
1.002184 1.08744 00111111001000000000000000000111100000110
1.043143 1.05047 00101111003000000000000000000001100000110
1.000435 1.09329 00111111002000000000000000000111100000110
1.00027 1.09984 00111111003000000000000000000111100000110
1.078125 1.0266 00101111001000000000000000000110000000110
1.094661 1.01865 00101111001000000000000000000000000000110
1.126248 0.993949 00101111000000000000000000000111100000110
1.114253 1.00782 00111111000000000000000000000110000000110
1.138117 0.986539 00101111000000000000000000000110000000110
0.999622 1.12568 00121111002000000000000000000111100000110
0.998939 1.13266 00121111003000000000000000000111100000110
1.148139 0.984855 00101111000000000000000000000000000000110
0.989369 1.14502 00111111001111111100000000000111100000110
0.988651 1.18555 00121111002111111100000000000111100000110
0.987569 1.19287 00121111002000000000000000000111100110110
0.979352 1.21076 00111111001111111100000000000111100110110
0.977715 1.2438 00111111001111111100000000000111111000110
0.971515 1.29164 00111111001000000000000000000111100221110
0.970944 1.29733 00111111002000000000000000000111100221110
0.970028 1.31767 00111111002111111100000000000111111110110
0.967131 1.3285 00121111001000000000000000000111100221110
0.968883 1.32715 00111111003111111100000000000111111110110
0.962694 1.34858 00111111001111111100000000000111100221110
0.962063 1.35573 00111111002111111100000000000111100221110
0.961526 1.36514 00111111003111111100000000000111100221110
0.955609 1.38728 00121111001111111100000000000111100221110
0.950244 1.45274 00111111001111111100000000000111111221110
0.946201 1.46104 00111111002111111100000000000111111221110
0.895587 1.52427 11202222112000000000000000000111100000110
0.861221 1.56641 11202222112111111100000000000111100000110
0.893443 1.54545 11202222113000000000000000000111100000110
1.713771 0.729911 00000000000000000000000000000110000000110
1.713372 0.730739 00000000001000000000000000000110000000110
1.71481 0.729521 00000000000000000000000000000000000000110
0.856113 1.59135 11202222113111111100000000000111100000110
1.701724 0.749974 00000000000000000000000000000110000110110
1.70091 0.750921 00000000001000000000000000000110000110110
1.702492 0.749431 00000000000000000000000000000000000110110
1.701503 0.750458 00000000001000000000000000000000000110110
1.700791 0.752579 00000000002000000000000000000110000110110
1.700351 0.754875 00000000003000000000000000000110000110110
0.934245 1.52103 11212222111111111100000000000111100000110
1.733586 0.728061 00000000000000000000000000000111100000110
1.735301 0.727799 00000000000000000000000000000001100000110
1.682294 0.792393 00000000000000000000000000000110000221110
1.683284 0.791986 00000000000000000000000000000000000221110
1.682021 0.79329 00000000001000000000000000000110000221110
1.681456 0.795301 00000000002000000000000000000110000221110
0.824298 1.65731 11212222112111111100000000000111100000110
0.824129 1.68311 11212222113111111100000000000111100000110
1.67768 0.850633 00000000000000000000000000111220000221110
1.676861 0.851817 00000000001000000000000000111220000221110
1.676421 0.858217 00000000003000000000000000111220000221110
1.675257 0.860748 00000000000000000000000000000110011221110
1.676363 0.860232 00000000000000000000000000000000011221110
1.674983 0.863517 00000000002000000000000000000110011221110
1.674699 0.866108 00000000003000000000000000000110011221110
0.805672 1.7481 11222222112111111100000000000111100000110
1.606997 0.983406 00101111000000000000000000000001100221000
1.671788 0.92032 00000000000000000000000000111220011221110
1.671615 0.921303 00000000001000000000000000111220011221110
1.670613 0.924164 00000000002000000000000000111220011221110
1.626996 0.972225 00101111000000000000000000000110000221000
1.640848 0.969834 00101111000000000000000000000000000221000
0.798744 1.83417 11232222112111111100000000000111100000110
0.79321 1.88344 11222222112111111100000000000111111000110
0.785448 1.97539 11232222112111111100000000000111111000110
0.781659 2.01335 11232222113111111100000000000111111000110
0.770229 2.0401 11232222112111111100000000111221100000110
0.763281 2.09704 11232222113111111100000000111221100000110
2.214177 0.709885 00000000000000000000000000000110000110000
2.215495 0.709291 00000000000000000000000000000000000110000
2.221518 0.709039 00000000000000000000000000000001100110000
0.758047 2.19782 11232222112111111100000000111221111000110
0.755247 2.20948 11232222112111111100000000111331111000110
0.749188 2.26347 11232222113111111100000000111221111000110
0.750014 2.26289 11232222113111111100000000111331111000110
2.386109 0.690087 00000000001000000000000000000110000000000
2.387084 0.689769 00000000001000000000000000000000000000000
2.385353 0.691796 00000000002000000000000000000110000000000
2.387904 0.689499 00000000000000000000000000000110000000000
2.388755 0.689184 00000000000000000000000000000000000000000
2.384869 0.693622 00000000003000000000000000000110000000000
2.412817 0.688787 00000000000000000000000000000111100000000
2.416175 0.688525 00000000000000000000000000000001100000000
0.748536 2.39839 11232222113111111100000000111221111110110
0.746645 2.40708 11232222113111111100000000111331111110110
0.735496 2.65876 11232222112111111100000000111221111221110
0.739405 2.65678 11232222112111111100000000111331111221110
0.734823 2.70884 11232222113111111100000000111221111221110
0.734273 2.71422 11232222113111111100000000111331111221110
0.731401 3.02341 11232222113111111100000000111331122110110
0.721083 3.28181 11232222112111111100000000111221122221110
0.718399 3.30149 11232222112111111100000000111331122221110
0.717701 3.30305 11232222112111111100000000111331122221000
0.716679 3.35133 11232222113111111100000000111221122221110
0.708814 3.36365 11232222113111111100000000111331122221110
